141 159
1 18
1 20
1 1 18 19 INV
1 1 17 20 INV
1 1 16 21 INV
1 1 15 22 INV
1 1 14 23 INV
1 1 13 24 INV
1 1 12 25 INV
1 1 11 26 INV
1 1 1 27 INV
2 1 19 1 28 AND
2 1 27 18 29 AND
2 1 28 29 30 LOR
2 1 20 1 31 AND
2 1 27 17 32 AND
2 1 31 32 33 LOR
2 1 21 1 34 AND
2 1 27 16 35 AND
2 1 34 35 36 LOR
2 1 22 1 37 AND
2 1 27 15 38 AND
2 1 37 38 39 LOR
2 1 23 1 40 AND
2 1 27 14 41 AND
2 1 40 41 42 LOR
2 1 24 1 43 AND
2 1 27 13 44 AND
2 1 43 44 45 LOR
2 1 25 1 46 AND
2 1 27 12 47 AND
2 1 46 47 48 LOR
2 1 26 1 49 AND
2 1 27 11 50 AND
2 1 49 50 51 LOR
2 1 10 0 52 AND
2 1 9 0 53 AND
2 1 8 0 54 AND
2 1 7 0 55 AND
2 1 6 0 56 AND
2 1 5 0 57 AND
2 1 4 0 58 AND
2 1 3 0 59 AND
2 1 30 0 60 AND
2 1 33 0 61 AND
2 1 36 0 62 AND
2 1 39 0 63 AND
2 1 42 0 64 AND
2 1 45 0 65 AND
2 1 48 0 66 AND
2 1 51 0 67 AND
2 1 1 52 68 AND
2 1 1 52 69 XOR
2 1 69 60 70 AND
2 1 69 60 71 XOR
2 1 68 70 72 LOR
2 1 72 53 73 AND
2 1 72 53 74 XOR
2 1 74 61 75 AND
2 1 74 61 76 XOR
2 1 73 75 77 LOR
2 1 77 54 78 AND
2 1 77 54 79 XOR
2 1 79 62 80 AND
2 1 79 62 81 XOR
2 1 78 80 82 LOR
2 1 82 55 83 AND
2 1 82 55 84 XOR
2 1 84 63 85 AND
2 1 84 63 86 XOR
2 1 83 85 87 LOR
2 1 87 56 88 AND
2 1 87 56 89 XOR
2 1 89 64 90 AND
2 1 89 64 91 XOR
2 1 88 90 92 LOR
2 1 92 57 93 AND
2 1 92 57 94 XOR
2 1 94 65 95 AND
2 1 94 65 96 XOR
2 1 93 95 97 LOR
2 1 97 58 98 AND
2 1 97 58 99 XOR
2 1 99 66 100 AND
2 1 99 66 101 XOR
2 1 98 100 102 LOR
2 1 102 59 103 AND
2 1 102 59 104 XOR
2 1 104 67 105 AND
2 1 104 67 106 XOR
2 1 103 105 107 LOR
1 1 0 108 INV
2 1 0 108 109 AND
2 1 1 27 110 AND
1 1 107 111 INV
2 1 111 107 112 AND
2 1 112 1 113 AND
2 1 27 107 114 AND
2 1 113 114 115 LOR
2 1 71 0 116 AND
2 1 108 10 117 AND
2 1 116 117 118 LOR
2 1 76 0 119 AND
2 1 108 9 120 AND
2 1 119 120 121 LOR
2 1 81 0 122 AND
2 1 108 8 123 AND
2 1 122 123 124 LOR
2 1 86 0 125 AND
2 1 108 7 126 AND
2 1 125 126 127 LOR
2 1 91 0 128 AND
2 1 108 6 129 AND
2 1 128 129 130 LOR
2 1 96 0 131 AND
2 1 108 5 132 AND
2 1 131 132 133 LOR
2 1 101 0 134 AND
2 1 108 4 135 AND
2 1 134 135 136 LOR
2 1 106 0 137 AND
2 1 108 3 138 AND
2 1 137 138 139 LOR
1 1 109 140 LID
1 1 110 141 LID
1 1 115 142 LID
1 1 139 143 LID
1 1 136 144 LID
1 1 133 145 LID
1 1 130 146 LID
1 1 127 147 LID
1 1 124 148 LID
1 1 121 149 LID
1 1 118 150 LID
1 1 51 151 LID
1 1 48 152 LID
1 1 45 153 LID
1 1 42 154 LID
1 1 39 155 LID
1 1 36 156 LID
1 1 33 157 LID
1 1 30 158 LID
